4443
444
9038
1987
4896
2252
9640
4786
9855
9715
8082
3935
8905
1923
9084
6857
5257
1918
759
3439
57
9476
3194
3261
2325
6660
9933
3238
3105
2297
4367
9129
2740
4988
2698
9217
8821
2339
4003
259
3636
2085
5775
2542
4008
4859
9398
847
6777
1739
5867
6833
1216
643
94
5122
8884
1610
9941
3572
3906
4309
2701
8228
879
5399
7445
9699
9319
1449
9957
2955
5115
5732
7078
9122
591
8059
1551
8949
9797
7417
5783
2595
9642
5876
7717
8526
7485
7658
2098
2974
3549
6381
1202
6009
3362
229
5708
2681
3259
7247
7217
8374
4561
5878
9078
6734
3937
630
5683
3734
9628
3048
7911
9270
8924
5628
7797
7991
4868
1477
2547
8417
7857
5330
4426
1219
5559
1717
5481
8817
546
2699
8773
6689
8576
7852
3423
2513
8481
688
7828
8109
3736
5739
8962
4242
2949
8341
3815
7817
9817
6362
7816
7675
1692
3824
476
7250
5540
5957
7650
7668
238
6423
4357
396
4275
7779
4490
4338
49
2318
4030
3784
9639
2992
8025
2588
1333
1841
1987
2732
9784
9802
1989
1476
3627
2465
309
749
4
9540
8416
1823
5963
2773
2218
1821
2134
6707
7740
2183
9024
1770
7548
246
6343
5574
2834
9257
8996
4820
1990
8780
6205
5560
1838
9831
9606
2146
580
9609
3268
8996
1432
814
3351
5231
2634
7067
1938
1956
9249
2545
3726
6797
2790
1651
3953
7205
909
4531
3608
4480
4893
9812
40
6731
1226
9646
459
1805
838
3727
2383
3852
4540
7316
9082
8755
4383
1021
711
5214
5147
6018
3593
7936
7669
7546
6724
160
3659
1914
4639
8552
3308
6260
6865
4533
5906
7323
7919
8326
1050
303
2178
7171
7618
1260
5926
3583
3862
8219
8796
9008
5819
2389
8527
3488
1517
5251
3647
5176
8746
9867
5310
2054
6128
2175
6586
3616
9497
4505
1942
2130
6389
4119
883
5589
6961
8391
9171
823
6610
7967
1414
2429
1939
9940
7499
3455
6773
2728
213
5519
4178
5522
7572
306
9278
5740
3921
8776
245
7445
2488
6634
1564
3370
3805
8524
3343
2977
930
9952
2526
2343
3964
4464
3865
3045
9501
638
5772
9713
6156
9949
6818
5310
1837
6096
1050
7340
6454
1294
4785
8941
9509
6348
3894
3315
6455
7236
7873
8966
8771
399
1309
4317
4863
5173
7361
4364
7392
4715
5659
3548
6247
2477
440
8083
8573
1489
5423
5027
4364
1790
5551
3874
9720
1027
8770
6175
8262
8225
5141
8615
8623
8031
2932
5068
4786
293
1014
2178
6590
6673
7307
2837
732
7746
2502
9304
9234
9507
5914
5180
1297
3047
9053
1017
4073
9405
8773
2335
7630
5496
951
7836
3527
5464
4486
9894
7339
5500
3654
3929
3755
2543
8347
4486
289
849
5373
1105
356
1287
6285
1653
4333
6920
2669
8405
7908
1443
2322
7120
6938
4854
4956
2048
1901
1025
3524
9239
6524
7178
3168
279
9720
3097
6346
1592
3945
1719
2696
4301
4587
563
7535
502
9065
1786
489
6973
3228
2811
5675
1749
9246
2214
5378
1147
3238
8901
1968
9761
7661
6717
1622
7382
9813
7967
8973
3759
1269
3251
8059
5855
5396
7176
6357
4461
8961
6845
3016
3772
1238
273
5520
2067
2486
2480
3213
7305
2963
5181
8648
625
1898
270
9588
1712
9819
144
7052
1088
4976
5111
6942
372
2287
4881
6414
2830
1727
1012
6601
4546
2867
2121
6612
5352
6182
1408
4240
9145
6588
2888
1352
68
3158
940
3361
4559
2665
413
5646
7640
7105
4170
9594
974
9051
7590
3804
2360
185
405
6905
3051
4108
5100
8402
1872
6507
4224
1017
4677
7112
3950
4744
1852
6471
9687
6410
9135
1682
3638
8358
8787
9389
9534
1343
8440
7124
5146
2382
7308
7133
870
359
2823
5969
344
4694
2476
4567
7293
7152
1679
1243
3478
5112
9296
4747
1522
14
6429
6741
8371
5216
6131
7905
8140
6153
6612
3287
8535
3920
2002
9404
4279
4824
6955
6204
9517
9430
771
6810
8164
4032
9635
3224
9143
8931
7971
2248
8944
4400
571
8898
1198
6701
8385
9337
4437
4997
4206
4554
8917
7789
5540
4778
2613
2495
982
3713
3507
3334
2105
1671
7365
1740
4894
8091
2253
4447
1921
1198
8846
2491
1678
1626
775
63
964
5211
5060
6751
9764
5559
4541
5304
337
8735
9380
2900
2448
2887
6233
4553
4557
5181
7874
1033
4854
128
5480
6774
2907
5908
9264
4584
7534
1621
6228
80
6831
2870
8412
8177
8428
4535
5063
347
3271
4443
4828
7300
7329
2644
1853
3468
7824
9727
4501
4260
1437
1563
1034
4343
9052
1880
509
6586
3501
6736
8247
1914
9606
8242
92
9616
2777
5154
1546
6047
9597
6373
4930
6926
599
6782
395
5
8091
6477
4264
9527
9621
6879
3870
8673
8759
4378
6842
3842
2697
5089
5755
3885
4913
5846
3501
7690
2583
6628
5319
2180
4584
249
688
5182
8613
2664
5187
8286
723
1033
7814
344
7912
3266
9017
8253
9226
5859
2095
1923
2530
7849
7389
7443
5278
890
6715
7860
9100
3616
1622
3684
3865
3891
8865
4060
6555
5634
2346
7277
6667
160
9203
6161
5008
8220
4414
5816
4079
6508
7738
8190
5939
5127
5633
2799
7598
3930
2241
6698
7546
3862
382
1411
7753
830
7052
5890
8045
9397
4749
4712
1140
3952
2455
6147
3754
6868
1963
9414
3376
1283
7605
898
7991
4820
3696
7171
8750
5937
3870
6296
9798
5833
9288
9133
8244
6340
6605
7872
5737
1355
2584
8458
6888
5039
4605
2225
3489
8149
1639
6865
1014
9243
7762
587
5646
3040
7758
4396
8976
3210
692
358
625
1562
1073
452
7901
7678
8323
5220
615
2489
3679
7502
9109
9865
1309
2599
8015
2948
9463
611
3773
8807
1198
9418
3429
8955
5396
2406
2165
6087
4345
4371
7648
5417
4822
7131
3095
3145
2352
3709
5634
6030
2794
4743
5895
4102
7341
5492
8631
8386
6103
2405
8775
7300
3405
2205
7837
8801
6192
2
6470
537
4372
5701
5953
9194
2832
631
3921
6765
4339
9554
2795
8714
4298
273
4399
1639
5764
4612
26
3449
8598
8800
749
2004
2587
8585
2387
8778
169
8856
9314
6123
6139
6850
6899
554
7480
820
7318
3401
375
114
3698
4672
1968
8096
7892
7731
4290
7917
1181
2889
8300
3511
6474
2469
3679
8860
1248
3847
9298
2144
1552
5438
8993
8450
5991
6473
9270
3309
9874
1227
5004
3572
7480
6971
3250
5372
6285
7539
4872
9047
2010
4754
2558
8483
7222
6236
8925
8469
1666
8224
2196
3217
5244
1189
1668
1235
7662
2520
6125
9118
3746
2712
4272
2808
1265
7521
8179
7549
6642
3051
8178
235
9386
737
8717
6609
8554
7643
6660
220
7449
8855
3437
2693
45
6686
5509
9288
788
1634
9988
4533
5927
4260
7340
7192
3363
7101
6323
5
1735
4502
1821
1121
6820
2121
9311
5374
9763
5972
7176
8794
6409
2195
1487
8035
8880
6995
8905
9667
211
8893
5782
6138
3153
4704
3330
6515
3387
9652
8102
5121
5736
1505
7824
2556
3625
8717
7930
3388
6271
6688
3764
2681
8882
5250
2298
9344
3827
1204
594
4038
97
7957
176
4832
4243
3505
1347
7629
4739
1031
4333
476
2536
3739
4613
6160
2456
4125
1131
8727
813
4894
1408
1277
1727
5287
621
5553
6490
2796
9590
6587
753
1348
1419
6577
6434
4347
4207
1174
6960
122
3231
1078
3860
7843
8819
6315
1969
1532
6624
4363
8008
9613
5640
9734
4901
7842
5287
1391
639
6460
9559
2973
7807
2560
9550
5824
8489
5339
8579
5449
5460
1810
8108
902
1235
6927
8798
4785
42
5423
9148
8049
6618
6370
7783
1519
4212
4652
2910
6432
2694
4051
988
2084
6611
538
7907
5100
7458
6486
2131
4500
9877
239
5401
1112
8747
5781
7479
371
2786
8209
8419
9404
4579
7784
923
373
2437
5414
8387
6712
9465
9374
8795
6076
9911
8284
2758
8951
6352
4888
3451
6229
6708
434
8923
7037
6214
6402
7408
9000
6193
7409
8404
772
5194
909
2726
9212
6323
1113
5924
7370
487
6302
3446
1980
6168
7785
931
2521
2673
5963
332
963
6396
9254
7999
4193
7238
6989
3193
3431
4399
3179
5784
1175
4087
8510
387
1992
1205
7892
9361
1692
4194
4389
5253
1945
2174
6184
4465
6428
3729
6378
7390
126
5633
6972
4318
4453
5543
9092
9466
1524
2271
5250
2698
7939
5342
3084
1514
6547
977
2457
9820
6752
6846
5073
8696
602
2839
4743
8612
6568
1122
7584
6693
8336
4556
2593
2789
1682
1685
2255
3205
5537
9087
5903
5058
4429
8986
6571
2558
1545
9028
2378
9879
7456
9033
158
9639
1872
4901
8251
8439
7604
5836
6714
7522
1974
889
1893
3655
4155
4148
6860
9691
4817
4345
6332
828
3331
2903
3386
6458
3513
7345
6337
2551
6378
6494
2191
8250
2977
442
8271
581
7859
6568
9684
9833
7456
1578
3488
1612
7307
1930
2885
2124
6274
9216
2951
1188
3702
7918
7645
8796
5264
5564
1348
3224
2058
5120
3056
5035
5561
1328
7197
5003
9477
6882
4836
6933
42
9905
127
7348
1836
4594
9471
8109
5392
4004
879
676
1923
8523
9472
8768
4087
2402
1992
7727
7521
6630
2762
4664
7957
1541
9666
9016
5
4502
7531
46
4408
7658
7393
7825
3834
8446
7516
9225
2451
8395
1484
4373
6918
956
4723
2588
4939
6714
315
2460
3344
4658
8705
2883
7780
8372
3481
7785
4456
1013
7830
446
253
6806
8270
4086
5252
5787
4893
7702
5764
6376
3657
2682
8913
8379
6851
3852
6676
8747
6311
1602
3405
6599
6067
1186
4971
9547
553
9426
560
9964
1455
812
6770
9724
6479
3605
7093
1373
1307
2857
9330
6546
7121
8244
4925
3972
2096
3183
4302
9989
4785
7706
6588
2434
474
3141
1981
2608
4149
4123
2573
5603
4934
925
6910
1414
4529
5585
4368
5836
8442
3698
2382
7145
3524
8888
2699
7202
2072
7000
8773
8438
6289
6943
872
6762
84
2852
9370
5814
6974
3525
1418
3491
4449
9909
6486
8978
5494
854
4814
3936
6133
8777
1081
1240
9247
5362
8441
1319
2362
7214
9756
8650
5739
2210
6995
5822
5062
7947
1636
3618
1472
4635
7108
5920
4544
5176
4898
39
7611
1294
5556
3745
1653
8219
4984
901
3581
5007
3801
5942
3803
5140
6175
9541
7349
3170
6945
3993
1117
163
7611
4170
4798
6301
90
924
1478
4988
962
671
7863
8100
4415
9516
6319
981
1999
9899
7569
5799
7423
1372
939
5180
913
9870
9931
7857
3863
2630
8020
3056
6799
4400
940
6889
5323
2417
3459
7867
3087
1322
5967
9084
2420
3868
1647
4418
5349
799
218
4354
2170
2738
9534
4665
2608
9465
2522
8053
2096
2124
1109
8894
8105
2048
7365
3429
6046
824
2878
716
3728
8844
1382
6147
2712
4610
2148
8060
5408
3947
2414
7578
6684
3530
2243
875
2996
6346
510
6673
53
1618
7149
8157
5248
4515
3168
2876
6920
6045
5173
2230
4889
6554
9959
9182
2747
2107
8824
8154
6053
2821
7314
4319
6350
1139
6775
928
9067
7284
9182
9119
485
6332
7276
7314
2429
2027
190
931
8071
5363
3161
2961
3499
3120
3725
6245
6808
2550
5982
4443
6952
3296
344
3302
4435
7119
5812
3502
5985
4994
4203
8051
2908
1479
6947
5336
3505
7137
6267
3159
4082
1010
6119
9162
4129
1426
6990
937
3975
2972
5379
2509
6267
5722
5811
2284
4423
3205
5785
1991
9780
9987
1624
2689
3049
8571
9606
8135
7290
7455
1294
2954
8464
8994
2116
2593
421
9105
5111
5977
3659
2072
8486
1509
9376
5879
3792
3799
666
1160
7371
446
2729
8995
4716
5777
7566
4323
5495
4856
1778
8370
7809
243
8947
9924
4417
950
613
9528
8508
5853
1600
8576
7361
2558
6037
1154
6357
6702
2313
3728
8730
5041
4305
5028
2401
1871
9350
9477
6726
2711
9429
4535
4535
8376
6042
534
908
8236
1644
9416
4089
4826
9574
1451
7383
5612
4186
5322
3896
6498
9050
4208
3121
3355
9236
7103
6808
169
6580
3534
2879
7592
9651
8995
5968
7275
1112
8458
5511
2755
9456
1182
7580
9030
4214
4964
6224
8399
286
121
6479
918
4328
1183
5855
5146
8285
2663
5315
6448
7778
9775
4040
9011
8771
1590
6286
9882
48
3379
2637
9503
6143
1800
117
357
8345
6340
339
213
8042
8399
1131
3953
9581
8567
9098
9449
2812
4413
5897
590
4189
1519
9601
2960
3108
7469
4424
4738
2431
8642
5823
8573
2024
5939
512
369
3862
850
582
1904
832
3294
5856
1995
1861
4955
1444
4672
9367
8922
6843
5138
441
8026
9679
5131
5496
4103
1451
9508
4328
7273
8081
6351
3213
8592
6720
8656
1025
8883
560
1856
2177
7998
3850
4037
4535
5294
291
3902
5798
8715
623
7821
6742
302
2952
3820
5987
4402
3328
315
3257
2991
6665
8051
1583
4967
6707
2607
3850
8849
6044
6026
6847
9894
1645
1382
6770
3517
6865
4150
2233
7487
1971
557
9371
6504
4376
5358
2488
9285
5672
5745
2276
3919
3796
5440
469
2086
8047
4318
935
5673
1927
9363
5567
5153
745
3919
8670
9191
8069
903
8261
40
1459
7632
6544
7416
2990
614
8283
244
6358
559
5744
1737
5998
6212
5404
5627
531
6338
1301
4039
5701
8449
9191
8027
2369
7861
7218
438
346
5479
2059
3386
4693
8602
2384
7682
799
667
9507
8738
2807
5252
2057
388
1464
7460
6014
3576
5380
8896
7614
1081
7346
8388
690
1297
7831
9490
1734
9759
6551
3792
3145
1245
3977
7111
8926
4775
7777
17
5095
585
5268
7152
972
6731
4612
8567
1890
9992
9046
1086
2655
6392
9473
4927
7688
8887
4417
1004
8646
968
6377
1791
3794
354
484
4303
6710
8261
4319
1806
428
9586
540
2981
7899
5151
1548
9788
6725
594
875
9380
8567
1930
5889
7837
817
306
8840
9462
2855
6800
2836
6649
7153
3319
2534
5446
3162
6852
8833
3589
6438
9372
6569
4337
6105
9699
5708
2831
293
6582
3793
443
94
9681
8279
911
1569
8702
373
6005
5502
4790
4236
4237
8109
6769
1265
1271
3621
98
4860
1641
1052
3011
7560
7157
2710
3268
1570
4585
1432
5362
5027
1525
6625
3306
2435
9775
3590
4390
5780
9091
9179
17
4911
8870
6785
6175
1724
1989
6273
6583
3629
8906
1176
1189
6063
3886
6038
7632
8470
7469
4576
5079
577
2783
8384
4593
2558
3557
565
9920
2648
1327
9936
7558
197
8303
5316
1920
1874
1589
85
5503
2077
1261
8273
8140
6728
4312
7354
6780
3363
3513
1859
5521
6295
1825
115
436
5381
2261
356
9611
3587
1874
8751
5366
177
4067
7285
2051
7237
8952
9135
9314
1795
7408
7454
8522
3302
6390
5302
8247
9902
8742
3768
7780
567
5464
8215
5948
7725
8570
7141
1312
444
5892
6677
2202
9959
5545
5834
8778
4497
4969
8092
6291
3960
7128
6395
7261
3519
3279
5508
5003
2021
859
2783
2587
6322
2580
117
4047
1150
7257
6941
3175
4732
3618
5377
4691
745
1211
3469
5241
7762
3144
3114
3304
272
1091
565
5372
4369
7655
1958
7971
96
4740
2141
6417
8902
2257
465
52
1097
7405
3227
5828
2605
186
2101
3350
2978
7151
173
2322
295
4869
5625
2149
5959
7772
7520
1911
5427
9477
9881
5522
5800
2022
3521
4702
5861
3985
6335
6957
2972
1144
4367
7159
2911
8049
509
5889
5200
681
8210
7077
7131
3836
9225
3091
3190
8327
5001
199
9387
4882
5720
6769
8486
823
3053
4347
6390
970
2886
9361
2114
8834
6520
5024
6883
8610
2495
3665
874
706
742
8004
6123
1549
1095
9312
9876
6095
9510
846
2560
6812
7614
1046
9216
667
6974
5606
1636
9859
4968
5331
8693
3070
1938
7158
1681
4432
823
2554
6719
1565
558
4424
3113
3235
5318
4571
912
4828
5416
3471
3222
3030
6098
2439
5278
3072
8044
8496
4513
4594
5409
3206
9246
7346
364
927
1779
1187
5062
80
4333
5619
4504
9027
436
9821
3599
1348
6232
9014
4818
9453
3627
2499
3474
487
5570
3101
565
84
9276
5974
4871
8522
3320
6817
1031
6680
9585
6092
6760
3918
3294
1264
2945
3729
2667
6543
5076
8898
7140
1477
9934
767
3975
3408
1253
1127
8090
3400
2792
7367
9373
7663
7471
4275
6062
8502
956
5647
4594
9297
1147
9469
2143
5673
3199
4809
3799
9856
3708
939
1333
5224
3287
6889
214
6121
9598
8304
9520
2390
7253
8893
1635
6306
3169
9278
4808
5706
4925
985
5003
7653
454
8727
3327
5234
3536
7125
5091
8825
8063
8005
5631
2932
6477
5845
9052
6075
5731
8573
47
2984
9048
3264
872
3799
2542
5680
9504
9049
8246
6089
6702
282
4816
29
5516
9934
7153
2189
342
6798
194
5973
9729
8252
3400
8782
5909
9130
8937
5956
3696
9567
802
4567
3367
3343
1829
2871
2392
75
543
677
357
6940
705
7454
6874
9440
9642
8798
6238
1418
6353
7550
9670
9752
7914
5579
8882
6851
3117
2578
6418
3918
8726
1367
8843
556
4238
2817
2212
6362
3493
2568
3302
5780
22
177
5220
1246
557
3040
2664
6909
590
2334
6661
8503
9494
5543
6936
4194
9702
4937
8111
8428
6303
8536
8983
2123
2936
1196
8484
6428
5345
1787
2208
6949
3545
9009
8194
4101
2050
2440
1010
4221
6355
7670
4307
5850
4795
1243
1626
4497
7761
1319
2925
4065
9855
3491
6187
2791
6268
6254
801
1613
8040
4591
144
1585
3600
9920
5685
7231
2360
8276
1453
298
5946
5759
7729
741
8583
9354
6819
6345
673
1326
1992
528
4816
9760
4900
2666
6014
5701
5861
5636
292
6004
7220
5473
7506
4487
4287
1449
4345
5739
1746
291
3080
9474
2613
3245
8828
1014
1172
9500
2340
3163
1611
8737
2924
8092
1404
520
3793
7264
6156
5666
4850
4958
2722
2357
1028
7008
5387
5372
4329
7132
5663
7408
8188
9857
2235
7016
2454
3407
8098
4793
6569
1291
5112
1075
9383
6515
1595
4758
5361
9332
2007
1794
4290
4728
5732
5317
1736
1119
690
7646
9832
7934
6636
8020
9373
8870
6618
1827
2277
6298
8201
429
7589
3314
3085
8554
1411
6261
3312
8354
5593
6900
148
1466
1628
5879
6782
4945
8579
9053
4173
8411
8569
809
6431
9525
9679
3049
1352
3538
9346
1136
5548
8517
6031
8633
7071
7441
4894
1966
7377
2070
448
7524
3535
3658
4985
1899
185
3564
953
4358
1975
1104
5166
9987
629
4845
4618
3563
9965
5547
6280
5513
5646
2311
4146
2718
1334
623
6265
8711
2692
8294
7817
6226
1952
2803
8124
2137
7948
659
6494
9923
1763
1660
1493
3973
8087
6111
9117
8052
3240
5397
5147
8885
7707
9293
3185
9041
9915
1032
9334
2607
9326
7151
415
1278
9953
121
4996
7902
780
1490
9407
4124
4732
2482
9678
4401
175
8796
4035
3414
4193
9181
2300
3483
57
7066
2524
1554
8098
3440
4160
9006
591
6156
284
2127
6277
5280
1611
8638
8351
1018
2762
4665
3499
2440
9065
3674
1236
3100
8669
7011
3864
2551
494
3920
9617
4599
5474
9297
8038
1216
8303
211
7372
169
2337
5231
7030
3947
3869
5382
6546
8212
47
46
652
695
5301
3470
3794
5552
481
9239
8103
2556
3160
9302
7154
8633
8599
6774
1431
6902
6984
8802
7070
9321
5615
4101
4850
9483
1065
1397
7695
2693
3024
9929
3387
9906
4981
8763
5458
5461
8002
3561
9598
1162
4445
8334
1377
3044
5108
2808
1528
2092
3192
181
2995
8807
4281
7845
9872
6927
824
9150
9619
3847
9079
4589
3753
4060
3352
9210
1103
1354
4354
701
4098
8798
9034
5474
3425
5724
9863
4952
7815
3056
5132
2393
3445
995
1820
4899
7921
2643
4049
9123
6489
4710
3712
242
8769
7063
1034
1454
9998
6969
3736
4096
5768
4352
9570
9192
76
1016
4144
9473
4071
859
1866
9097
1853
3685
3997
1357
6327
9627
480
2816
4338
5773
4639
3107
4418
7254
6143
4416
4224
9878
8512
9991
4231
9664
766
4306
680
6491
3779
6333
7349
7226
5430
785
911
1009
2141
8819
637
4202
3217
6556
1557
7855
9662
5974
5110
7387
390
916
7266
484
907
1497
148
3254
7384
2410
9744
2746
8742
8676
9971
5754
9460
2465
8345
3183
1284
8981
8966
6083
5537
523
3938
6781
6496
630
5751
8467
1545
3017
8951
4033
6095
681
7286
5061
3090
8613
7806
1832
7289
9360
9168
8331
1825
7513
3096
4690
8076
2062
773
5195
4166
6293
3558
2244
8504
9308
711
50
2325
9661
5664
2
343
4533
5063
5014
3146
2869
6846
2017
2229
6014
1930
5635
3527
5025
326
1603
8668
1098
6797
2834
8972
355
5077
7477
1246
7369
9108
3570
8613
4772
5154
538
887
217
5551
5614
4667
2397
7630
6896
9992
1142
4113
5101
6166
4438
8285
4834
7118
6664
9249
6090
8601
5908
3567
9846
3278
4257
4998
1891
9029
152
2428
1498
368
7978
7112
5035
1958
4742
3513
3532
5884
9207
8633
3632
3646
8500
49
2346
5165
9297
18
5348
5206
5167
6776
8483
9423
1774
1956
35
1926
4383
1533
3875
3943
8644
492
7482
4968
5586
1015
2434
4794
1230
6066
22
9729
7696
2367
6476
6993
3966
3406
3781
9132
182
3846
139
1956
5801
173
5463
1766
1705
920
5709
1931
1412
3191
6899
6997
5787
9332
3373
7016
6980
3394
8328
4676
7342
4804
3252
1309
8210
8614
2023
8391
2461
3743
1929
9843
3916
7391
1610
7202
8311
8900
716
1305
3673
7614
9883
9460
8528
3257
8058
7091
8232
6386
3349
7157
1191
6600
8465
983
5215
2070
956
9257
5813
2885
9100
1311
1858
2292
95
169
2774
810
3055
8029
6
4521
7489
8534
9359
7129
5625
7591
3516
556
4748
6288
7156
4795
7270
3953
8447
8225
4792
5842
2692
5474
8734
4550
9348
8828
6300
2122
1221
9355
151
1226
5458
9221
1342
4817
7933
8548
3990
1449
9104
8738
7736
6260
5115
6588
1795
5144
6395
8168
986
9087
3642
9719
3637
2990
131
9936
6694
1351
874
8426
2576
6331
9230
3918
1148
7163
2466
6720
194
1570
5458
9511
9411
2155
6099
2788
7299
2494
956
9866
3163
6180
1169
6799
752
1299
8318
9027
4231
9191
7454
6806
7105
8266
2306
9834
7011
6354
6554
7204
9505
2012
6715
500
5749
4396
4869
4630
8471
7407
4496
1635
3587
5664
16
5920
8544
8333
4948
2775
9107
3984
1164
6212
2250
3469
6046
9260
1405
2601
8046
911
6194
4761
2992
1943
9156
7860
8154
7627
5267
2651
844
436
9896
860
6356
8441
9192
1304
2798
8299
5287
3961
4511
9118
9012
2140
9960
417
4740
8006
2909
934
4349
5900
4459
5087
5343
2613
4296
610
6845
5140
2628
6742
5999
8983
6765
6773
1869
1145
6655
8737
5106
1166
7855
4118
4887
9397
6116
9626
7403
9025
561
3334
6507
6601
8420
3432
9213
2716
5624
6059
9437
8251
4383
7018
7234
2730
3792
685
3874
447
9421
8979
3194
7276
4679
8081
6673
796
9289
5658
1403
9849
8991
9491
6450
8993
2924
7246
3291
8547
3305
2729
8380
9269
9746
7196
1999
5120
7880
5872
5566
7301
6434
343
6159
1113
6
4414
1908
9294
1654
4892
727
2227
4384
8758
1220
8889
6004
4510
7436
891
7238
7398
160
8567
4594
2158
3687
2474
9612
836
1357
6046
1178
7515
7158
1183
3511
649
477
5164
5540
1203
7390
1506
9961
8609
395
7547
4701
9412
8438
1940
6810
8597
2089
1404
2338
5775
3877
1950
6610
5233
7995
9369
4330
6735
2134
7840
7383
2611
3004
4506
5395
1976
6011
6938
585
6406
4486
5286
5818
4506
8807
2629
3103
2478
4032
7022
8252
9491
8971
6445
6306
8548
7396
2219
5284
9530
59
4249
3723
4645
8754
9117
6620
4766
7638
8787
1172
3706
5655
8571
8211
6044
1200
2896
8521
6814
1501
8355
7887
472
4800
5775
603
2197
7993
7468
3309
9634
1717
7031
5861
2054
6148
2481
6819
5368
2850
9572
9073
8504
9725
8866
4548
926
3345
4651
9321
4845
3007
7208
6898
9388
4565
9082
1585
2559
6550
4893
2193
9849
3506
8053
1903
9654
2116
304
6604
6548
1458
7260
6634
1183
7708
2765
3690
1053
7415
3011
7479
422
1801
5960
9810
6366
5042
2977
507
3175
9452
4281
3024
2958
3916
6508
4194
7613
6811
799
4161
8268
9640
796
1033
7348
3560
4723
9983
975
9315
7462
2979
2699
3422
2789
647
47
7347
2735
3221
6799
7015
6244
1340
931
4334
5533
8543
1145
7913
2705
995
7553
5082
3609
4902
8641
8331
4885
1198
9229
3929
4176
3510
8933
8546
4156
8979
5894
6890
2200
4275
5487
26
5614
6417
4359
2730
6542
7085
2225
829
9661
9778
5910
3270
6262
6133
3184
2729
7331
3995
8239
1507
7504
7172
1636
3242
7733
7529
132
9932
3386
7200
1540
9000
5199
7480
3312
1741
6147
5536
2570
5808
6896
62
661
3158
6195
5426
7468
3526
9420
5708
6614
6924
4462
8249
166
2196
7360
1879
3710
747
9078
5250
1329
4277
4312
4640
7599
460
1758
169
7849
8654
1813
92
3394
8007
5517
863
3115
4937
8152
1311
1861
4196
1143
3608
6391
8502
5486
102
9248
6146
6933
577
2005
2827
6798
9604
3286
8556
1355
2718
7210
3167
2809
2186
2756
8326
4630
7452
3263
2782
8763
6706
6978
9905
314
4951
9989
7382
5052
9238
5110
3567
1397
7115
6394
9777
6719
1262
8333
8073
3979
7125
2823
6788
9310
7160
6696
3941
4613
1541
8304
4958
8246
6864
4863
143
1816
4852
9106
8449
5672
4216
2017
8651
2913
8410
8428
9631
9671
8343
9287
5233
5468
3692
3603
6360
852
299
1883
5464
3421
188
2004
3250
8633
6866
4974
449
3301
4080
8898
555
9877
2497
9205
2791
907
9215
4004
2160
7558
4873
7392
4608
147
2577
2551
999
4457
4433
8044
7878
6202
49
1128
4836
8496
6101
5284
3379
1763
5764
3934
1640
8260
4721
6012
749
5519
17
4491
3077
6471
3465
9267
6618
6042
1818
9198
499
6250
7242
8376
4035
8872
1086
8870
7369
7186
5736
2330
8948
3083
6263
2171
2925
2567
8182
5256
8085
9780
9746
2744
7834
4793
3593
4452
835
5410
3650
2916
3243
2474
2874
7277
2929
3960
7729
298
2728
5047
4209
3259
8129
2055
5429
2637
4621
5193
7892
4288
6556
7638
7031
4390
2431
625
8841
4848
7616
4073
7763
2441
8128
637
9717
1057
6178
9028
2936
8906
4076
7145
2165
3787
9199
7593
6423
3820
4368
4315
9689
924
3535
8302
5313
7548
509
5736
2396
8125
1391
1741
566
9519
3959
1866
576
138
2476
3512
626
6551
657
2790
1921
9855
1965
9925
5257
6332
4241
6528
8838
9357
4830
5733
6905
5339
1470
883
3464
2860
4205
5611
2379
8164
9058
4537
9883
1535
8048
509
9667
287
3298
1588
1724
6844
1514
8562
4758
7336
5090
3596
6693
9919
9329
5181
5258
2381
7645
304
5240
1851
7497
9201
1597
6555
3738
3062
8089
3368
3570
9339
3654
8449
927
5377
6875
4022
3939
1633
2940
9028
5229
9633
530
6140
6396
7370
8520
5623
9255
5342
9055
6752
6125
652
4890
1445
5295
2979
4812
447
3900
8465
478
4827
5424
7352
431
945
8985
3371
9972
5796
4586
2085
3518
2564
9454
2038
8186
8709
8961
7242
7044
5087
9475
1934
6531
4771
6494
2926
5217
395
1391
5695
6803
8397
4629
7233
9341
3614
2186
897
992
6771
2981
4509
9334
4017
8128
9103
4308
8672
6345
1352
5341
7402
4867
1872
2173
1362
4797
8972
1756
7770
6249
8558
6167
878
7373
5508
6074
9559
7986
8647
7912
967
4739
7247
6565
4449
6350
874
3121
4277
3807
8461
1679
8674
1916
5434
36
6712
4406
3373
6064
2237
3513
3813
4696
886
904
770
2027
8889
1000
9939
1439
5738
8768
8003
187
6700
8876
3308
977
4266
1769
4237
2940
3684
9670
4557
1979
5658
7929
9624
9476
1442
3438
4173
3909
4341
6524
7518
3230
7523
9039
4668
3261
7807
2672
3448
4507
3130
8337
7065
7395
1688
1302
1917
6954
2555
6473
8932
8212
4402
139
9271
7425
3576
3444
2917
7916
9967
435
1147
7491
9473
7396
2334
8862
1650
5781
4951
6362
5700
2016
5339
7388
4899
7256
4342
9035
5311
4856
7248
9713
4994
8101
8720
8570
1545
3219
8068
1512
3653
797
585
4708
8193
2919
3570
1425
282
8520
7786
5982
2118
3126
3370
8599
1964
9293
7634
7274
4149
6464
8569
9142
4565
7290
9294
6109
2091
7363
9203
5744
8159
1370
2034
7934
5870
7186
9359
6152
7288
7145
3716
9406
1853
8667
8005
3816
7960
7221
2673
3691
3686
1242
4415
8250
114
3710
5942
2205
2655
5145
9530
2396
8096
1564
331
3967
8749
1272
1701
7620
9998
6998
7026
1852
5665
6613
7249
5207
3834
9921
8897
9101
1164
4894
7352
2859
8603
3294
5063
2840
21
4593
5236
8116
7739
7148
3665
8070
2
5365
5690
9999
2363
4298
3433
9609
911
683
4816
6327
2186
5295
5428
4931
190
4362
7790
375
9237
2853
3215
9257
9028
33
8956
6767
8762
4203
4837
346
1151
2110
345
3513
6407
3778
4705
8900
6042
1103
5227
8227
6398
2237
3159
6587
8181
949
8543
7418
5383
3340
8258
4411
4954
8796
2760
5298
2999
9179
5643
4149
1289
5988
9244
7695
1348
5531
6595
7389
6633
3404
7198
3031
5641
1939
1200
3822
4469
9743
1240
9852
4665
1080
5845
9619
9875
8605
4917
4457
7784
561
8605
9072
8130
9431
8349
9477
4962
4945
8448
1596
8348
5646
6208
3989
7585
7408
9392
2054
8733
2215
3488
4980
3294
916
4599
4752
9520
1099
9208
8886
3241
9395
9540
1371
8827
7889
2430
5371
4416
878
6966
2765
8105
4757
8335
7272
3747
7728
909
4062
1525
4396
9041
6400
5311
5223
1152
6413
6321
360
6881
1144
9755
6421
2514
165
5893
6525
5535
309
7402
4084
3073
7089
8840
2991
4362
2587
2301
5270
6648
3825
1248
7271
225
8141
2494
1377
6136
8814
3318
3018
9957
3073
1021
4053
3237
6913
578
8772
8804
9561
2856
1877
6651
3278
6449
2595
5864
8749
7864
4094
2574
694
1365
4381
8834
3859
7339
4971
4255
657
7988
5795
5312
591
1430
8548
7504
3590
8902
6308
3151
3340
9766
1384
8199
6216
3978
5645
6547
3424
9738
9121
4118
2686
5084
2952
8126
2423
9504
3963
3079
9074
1340
8390
9665
2770
8521
8751
6359
9005
6641
1092
3928
7989
2476
2127
5787
8035
7772
2335
1460
7510
3038
5577
1778
8121
111
9903
544
9615
3867
5204
8689
6788
3595
9936
9557
3698
8687
7498
2703
5328
8590
8212
4900
2648
340
687
683
8111
3021
2142
7203
6058
9300
8981
4179
9411
467
6304
9026
5915
1509
9297
2704
6685
9234
3843
1965
7921
1342
6249
4832
1514
4462
9731
4161
4801
418
6425
4494
5021
150
3279
2661
9449
2260
8422
8860
4309
4726
7886
1806
7816
7184
4509
6083
6418
9934
8047
5921
1276
4297
753
4371
8758
2066
114
5141
4066
6538
1217
9086
6687
4495
1747
6137
8337
169
4997
2646
6477
4466
6033
4293
1650
543
377
9649
2059
8423
5570
4916
4302
7905
9286
4642
1553
9399
1365
5618
7519
2581
6286
5789
7076
8033
3508
5413
9783
8504
9640
7842
4552
5673
2136
7783
7797
4094
7432
9855
4099
4585
4771
8401
4072
5639
4625
5624
6620
5990
2825
4140
8570
9110
1511
5646
8725
5018
2641
92
5104
2281
7933
9656
7954
1651
7439
5751
5744
6454
7189
9843
2621
3542
9826
8274
9181
4451
3898
5801
2023
8304
1523
594
7415
3033
7821
7722
8050
463
7813
4737
2743
7329
4393
2279
8979
3414
9612
4724
1450
6801
6149
4070
343
7557
2344
1106
3590
7824
8489
5613
6128
12
6206
5125
4627
5609
4430
4259
6071
2243
8995
397
1154
3388
2675
134
8384
3869
6439
9833
670
4170
3904
2595
1727
7829
3700
5316
5653
3771
2511
3364
3783
8716
71
9991
4326
4500
4250
1979
8325
3246
2375
9478
8215
6632
1194
6599
501
7632
6433
2753
1802
1919
5347
5110
9747
629
2009
6983
4400
4519
1929
9764
4818
1999
9755
726
6499
4005
2704
4824
8832
6661
5884
7048
3293
7078
5229
5375
4710
1662
8127
8094
5162
5056
4786
6492
5685
8376
3475
1667
2896
6985
3013
9295
8983
2768
1603
7064
8354
5888
3470
8769
2549
9354
7399
7423
6432
2628
2799
2724
5872
2508
2400
1034
7564
8768
7525
4831
7144
2582
6497
1622
1149
1092
2499
133
3859
4101
8778
3795
9989
2249
2564
4120
3185
1545
3126
1199
4173
7506
5504
45
14
7904
2660
9159
8254
1768
3990
5398
5931
2069
8602
7080
3160
1101
8794
8600
6784
7572
3978
6773
1403
6541
2475
4587
9668
5600
7367
3841
4688
2872
5467
4702
2358
9708
5443
612
1476
9433
7591
8989
1502
6193
7651
6244
8876
6445
4844
5660
5599
8821
4015
8584
6945
6489
4753
8195
3672
2121
2036
8359
4992
9084
4643
7349
8792
87
9542
1851
1102
7133
2422
4185
3327
73
429
2203
6517
6855
9444
3698
7258
3459
2282
5785
1530
7035
3980
5201
9155
7597
5143
5729
6681
1368
3078
7056
1454
4202
8906
4137
1335
1328
8322
6243
2982
8750
28
9498
7187
9471
3196
6028
2930
7060
1813
4460
4095
5793
1243
4832
4972
7967
561
1654
9335
5220
8709
2371
9421
9197
6508
756
2107
6412
6999
5088
6744
7026
6168
3932
8080
946
9959
1010
8005
3354
7051
2100
729
9876
8513
5701
7843
9073
7354
8760
4293
7645
1132
3714
6842
9221
4470
8948
5633
3051
5618
3959
1659
1786
7890
9738
2731
9431
749
737
2786
9381
4418
3514
9257
2932
9214
8683
3587
8150
7443
7880
5795
157
1594
4219
960
7645
4749
8174
696
367
2134
3937
3734
1606
3675
6465
1038
6005
8783
5405
5387
4783
8918
6226
9296
9715
4909
2884
9447
3935
764
5243
5673
3939
1044
6633
1585
5793
6389
3862
7741
8522
7798
1476
129
1474
7940
2748
9060
8305
8152
4447
3088
8652
2256
2385
9949
7164
5268
9397
2681
7613
6222
8354
1552
7265
6569
3136
4640
2958
8580
2382
3063
6378
3857
3191
9433
3379
7520
77
1684
5672
4523
6353
5906
8360
8737
5856
7107
5587
6835
9787
3200
3057
9723
4752
1904
6292
9469
6544
833
8049
8925
3895
6010
4364
8667
7025
9324
6187
7101
1008
1859
3207
8942
7764
1567
7680
5202
8673
4849
2037
44
8049
5093
9766
4383
6997
7641
3852
5123
8473
1902
5630
2368
9493
9993
1035
6518
900
7221
5202
3489
662
8408
2431
8
1557
1693
6792
231
6542
8828
274
6173
5504
1622
556
4083
9262
5989
9205
7735
7890
6417
1685
8965
7992
4301
5484
8891
3104
686
2380
5347
676
4810
5355
2232
8085
3729
4044
4627
2557
4317
2382
9642
7521
2937
3725
6783
8925
4512
6101
8398
2511
7785
7363
503
2087
4429
9393
6772
6696
3355
2120
8953
9747
9056
1186
7832
2785
6811
2459
6923
1129
4840
6566
232
9358
1873
7014
9865
7967
3115
9845
478
2483
8791
981
6151
4802
1956
2923
1499
5311
5042
2034
6640
4098
4801
4472
8464
1613
6930
5388
4323
3352
1954
4554
4292
5408
1568
5739
3375
6265
5585
5435
8747
4376
6415
4898
9177
9952
9402
2258
6845
4445
4292
3485
125
675
7956
172
2287
6468
5559
6609
1402
9094
1163
7275
4502
4313
3015
7877
578
182
4894
9324
4557
2891
5804
5316
2843
5206
9156
1271
1233
5030
6337
2940
5704
4294
3111
7991
2344
252
4600
5328
9345
7345
4185
5429
1658
7199
4888
2235
7380
9781
3141
3519
2672
527
418
5515
5732
9573
8367
8547
4603
4704
3069
1889
580
7761
9879
2924
8012
6062
9833
7357
4989
4018
2786
6646
2800
9256
463
180
9037
3603
5281
1710
4129
5698
7224
1443
5271
7173
1572
1456
1877
4640
3344
2457
2401
4806
6962
413
2450
6795
9351
7438
2395
3720
5666
5194
2976
6128
6956
2013
1313
2237
5304
7023
9516
4110
8465
6369
1283
1620
7824
3160
6259
2750
7198
243
9137
4160
2237
1587
2537
1589
607
4931
6890
6272
1708
1448
2400
246
5042
3712
4064
347
735
3580
6038
783
9948
7321
2402
9354
481
243
2104
9260
485
1242
3420
2722
4410
5956
5892
5017
2469
4364
1289
5758
5811
5271
6003
2435
565
67
4363
2882
5228
402
3664
5176
7722
7647
4530
9784
7889
8216
9044
9956
9457
4046
2678
3867
2
152
466
4052
4515
1755
1393
1908
7025
7395
5924
7589
9044
288
471
5854
689
5716
2613
9992
3363
8724
1359
2835
6940
403
4373
7979
4448
8632
3429
6031
8783
3894
1665
4880
5648
3057
6787
4255
2035
2711
3427
2661
4580
3897
8514
5268
1196
1127
6842
6140
9851
8200
8974
8373
185
4929
6353
6214
3561
9781
3827
2344
5257
5492
7223
906
131
5592
6742
2165
8303
169
6407
4465
5648
4922
1316
6843
7630
8157
2983
7481
7940
3540
7437
8124
8468
3790
4339
2030
5153
8165
5955
410
5239
3179
2897
6952
8770
9639
699
8655
9807
7106
4703
7037
3610
6018
3880
1240
4175
8445
304
2115
3567
7740
240
2035
1530
6160
5646
8264
5907
1602
8673
2729
6362
1571
9680
6714
1210
379
6952
2599
7484
1655
9636
2676
7672
5098
3916
3429
5125
5801
5544
8691
3541
7365
2309
6652
5107
9536
4916
1014
1138
3589
3742
9081
6741
5004
5796
9532
5383
4330
2132
4449
5984
3350
7125
5238
30
2623
8666
5155
8423
4210
5428
3546
3157
7736
198
8263
7273
5113
860
9992
284
6183
657
8607
1188
6452
8139
8152
2364
271
4183
8347
5202
2890
3585
6814
5512
3833
3551
5517
8043
8978
9062
2782
8297
842
1046
7152
7536
3487
8726
7820
9669
9382
6427
2439
7416
6148
591
9779
8001
6356
8126
3203
9245
3293
1599
6340
7126
5149
3439
6751
4128
2502
9532
4007
4925
2160
1159
2462
7228
9884
1864
6898
9267
9872
9336
6683
6020
1510
8045
4021
7865
6171
7224
8692
1047
405
5032
8172
5554
8471
6505
1264
2555
7619
5270
7479
9779
8010
9940
7007
9476
3386
5487
326
3258
6406
8591
9278
7915
6636
3299
7362
4389
2105
6054
5435
2510
2669
5189
8063
2722
1694
909
6858
9313
6178
5919
675
5770
5860
7681
5246
828
4751
7154
4086
1157
5745
3364
654
2381
6662
8015
6769
350
5651
3787
2859
9901
8975
2504
4205
670
3412
1063
9982
1172
6982
2239
8523
4424
9919
5351
5251
6252
2505
9336
7408
8249
4282
9643
2212
2527
9240
564
2876
4892
4350
7316
6375
3325
9819
581
5576
4813
3225
7140
7566
207
9378
6089
6212
881
1440
1464
7132
3945
2382
6123
3776
6664
5766
7570
9190
5007
8133
2066
1481
4065
9381
7855
7389
783
18
2966
7177
3243
106
4743
5031
9484
832
1244
1947
3853
2707
9078
9379
6670
5201
4738
3334
2550
2308
2524
7556
2023
6171
9036
6087
7134
8473
5058
9498
74
8023
6675
4898
9711
1418
9928
778
3831
1172
2724
7684
5460
3384
7063
2131
168
1801
7046
2717
4108
9570
273
7712
7323
891
3799
6040
9363
8857
5538
1019
8462
2214
5916
8173
5213
5845
533
9044
8598
4838
6728
4059
8222
3791
7771
8389
5592
4817
2688
1282
5969
2960
8994
4875
3850
4375
915
4795
3232
6452
7396
1695
248
3312
1450
5461
739
3565
4505
9337
8402
1233
4978
8206
6605
4331
8177
3779
9147
865
6643
6699
5406
7219
1574
838
1594
2488
5633
6408
522
4611
9684
770
7922
1134
7812
8661
6280
3899
9580
6265
5131
4558
6053
3318
8888
4231
8679
9617
6677
5322
6316
2084
2541
9471
2921
5716
3541
136
2124
4063
4746
1808
6414
4251
4524
4226
2912
804
8124
4074
7068
4837
8631
3122
9736
9101
8934
8415
8718
5611
5319
6617
9276
7859
6088
2198
3576
9629
3915
7281
5274
244
9089
1688
4494
3613
7495
8987
4416
7201
3061
3067
3620
1692
7770
3356
2375
8286
3354
1093
5479
8672
7709
4756
8114
5380
8535
3272
5009
2450
553
1865
2693
9641
3552
7186
4836
2629
7755
835
9829
816
3901
5031
4089
3253
9968
6463
3121
3322
9138
8599
1995
8429
3355
1691
3809
3472
4962
400
5922
5514
2264
197
6738
7397
8965
1574
1608
6720
2408
3019
9118
6308
8049
3207
1143
8018
1253
4263
2922
1973
4445
4916
402
7799
6606
4211
2854
3150
6192
8775
8664
39
554
5402
7435
9518
6975
9043
6239
9383
2062
6939
7273
1694
146
9998
9711
2980
5843
2633
4952
288
9131
5354
9669
7319
1147
2523
470
7338
2880
716
8958
3433
6117
6394
2952
4674
7019
773
5639
663
7711
2913
2356
9438
4493
3649
2419
336
7864
8952
624
6995
4306
293
5896
7034
4397
7947
5955
7276
8662
4913
709
6361
2889
3660
1036
9907
4432
6674
2153
2143
1169
4508
3164
5661
9739
5582
5997
7603
4534
6620
6180
423
8494
2076
7456
2891
24
4993
1749
268
9906
2457
6629
4377
6117
7664
5867
2131
4338
8019
5856
5507
4109
9019
2750
3848
6183
8746
1451
717
6948
7630
2721
7024
1289
1760
1497
2894
6752
3245
3161
8240
5702
9789
2618
3401
9035
8484
5531
4956
6503
2969
2045
612
1988
4794
6042
8170
3541
7492
470
2071
6705
3190
9095
9575
4949
592
4051
3284
3837
7211
1524
1121
8583
5723
4521
7618
4207
1634
4156
2292
4603
6200
4486
8172
995
528
7925
6117
9601
8394
8187
7888
3166
7282
7463
8115
9456
1514
2981
4875
308
4504
5995
473
228
2098
9672
6016
3731
3829
8308
9915
29
4376
8088
1023
6485
7595
7139
6086
5989
6909
3975
737
4191
3020
434
5229
6116
3414
104
8005
7918
6098
8477
9727
8195
8149
5743
3509
3560
5633
3424
3589
1591
3094
6193
8075
689
4915
4162
8259
1824
9718
8996
7596
4320
9429
2826
436
2844
2929
23
2344
9027
8499
3653
8804
8231
978
2313
1791
6611
7319
6961
9783
1995
3155
7859
2684
8069
3603
2525
9892
4903
1521
7488
9222
2533
314
1241
6958
4825
1263
884
3852
1345
4536
4238
1158
5513
8133
4530
3706
5452
1492
3490
9028
4646
2931
1712
4297
6533
5819
5771
1436
8921
3259
2240
1454
5155
5062
9993
1562
6325
877
6995
9251
5412
1233
409
926
9365
4938
4631
6399
8011
9702
5428
2657
2633
8721
6953
748
4540
4306
3765
3462
9147
6005
6497
5884
1067
6491
7445
8973
7367
4440
9806
4362
5672
1797
5287
6620
6735
1500
4601
6328
2785
1611
8985
5417
1915
7520
7747
8036
1827
1512
3080
974
7516
9577
6857
166
7650
5884
9138
6599
324
8945
961
7577
2324
7829
5779
9058
9329
1963
6969
2114
3573
5954
9112
7069
5056
6859
5106
8464
8371
9767
1020
7469
927
9458
7634
8576
5342
8355
6758
5665
8882
7718
4825
1206
5548
604
1847
6459
2566
8815
155
7721
6351
9266
4790
1407
7708
1478
1454
7661
1246
2473
5130
2172
1932
4347
2331
8855
4284
9088
4521
4748
8388
9345
5953
3936
1531
9381
1977
4097
9778
2131
3400
6129
2980
9771
9118
2270
2832
572
9930
5659
4626
6642
9412
8139
2571
1743
6995
6854
2413
3098
3184
802
4025
720
6319
5555
101
8296
1234
9879
427
4633
7590
4988
5987
6708
7257
8818
8861
7187
4477
5070
5412
3889
3209
7982
7214
1786
6419
9626
4883
9602
2010
8907
322
8329
4463
2005
6625
7278
3466
8633
3494
1056
3622
9480
9346
2461
9880
9789
9648
4357
4859
6642
9827
9650
4624
8623
1436
2625
8250
7901
3810
1842
6808
5713
171
2853
7717
8377
1714
2765
8593
5207
3821
2215
6269
4749
6257
6149
4538
5905
2088
980
4129
1915
630
336
2121
3647
2960
371
1548
8351
2212
9938
4065
3965
4373
3364
3924
6086
6129
2517
2875
1532
6313
9143
6280
2571
5292
818
58
7379
1797
4187
877
4008
4522
2997
7655
7481
4949
785
5833
8742
2305
1480
4289
6678
4843
8213
4346
2554
730
7221
4085
7043
6364
365
9613
3239
2765
9670
2200
6143
3857
4658
152
8378
9236
9388
7442
5767
1755
4857
4510
5642
7918
381
3902
4343
8593
8247
6897
9323
7050
2564
7948
4997
4511
7561
8235
8857
8813
2017
5000
4253
8257
6733
4213
7493
7703
3237
3261
1041
8093
9352
6682
7593
9732
584
1937
9908
413
416
9231
7463
2979
7179
2460
9071
6322
2277
7928
6717
5875
4511
970
4132
1244
6765
1626
530
2
6468
1570
9677
7402
9833
7270
8716
417
9206
8624
2411
1204
9437
9873
4183
8198
3915
4836
6102
7773
2765
2820
3649
7275
3789
7780
101
2136
988
630
2138
9037
3781
1815
6439
3614
9084
6738
5612
9873
5362
8023
1077
6382
9478
6841
4580
4976
1678
683
2749
6024
5084
7979
3299
8872
5760
3399
2591
8329
5611
4728
7367
9391
6542
3806
4588
7208
544
1782
8663
7488
9804
1323
3870
866
9745
32
5841
1423
2296
172
7446
7379
8151
2327
7834
5493
7308
425
3822
2919
5152
1189
3892
3276
6577
8479
2066
8702
262
730
7772
1648
3634
1642
4095
3379
3256
9935
6384
5551
1690
3830
2931
9840
7739
2347
6915
5047
2771
737
9547
9504
3508
3439
2780
85
3501
4845
369
3762
7156
8141
6991
790
1365
1087
4169
4620
2604
553
1754
4293
5964
6266
5715
5285
8612
2630
332
2965
4949
1461
2469
8456
4900
5248
123
8400
1675
491
3744
8831
214
735
1203
1579
3403
6953
7780
6007
9087
1116
1882
6634
8963
9179
1919
7575
3391
3833
2122
8339
5293
4590
8377
1775
1420
8499
175
4677
573
3918
5090
2368
6235
6292
3946
9637
4828
3309
7226
3915
6006
9108
549
4970
9869
4050
2545
3260
7882
6249
3182
4757
839
1559
6532
3841
1641
6706
8517
2213
2207
3607
6162
24
1481
1691
1243
6308
4999
8469
224
1005
9159
2354
5974
9028
6403
102
3870
4285
6350
7051
625
8770
8610
7156
4193
251
5444
4292
4045
7650
7898
207
9255
962
1897
499
7269
8477
8967
9074
1065
8126
3011
8620
8736
9413
304
2606
5281
8235
1240
5905
7006
9849
3061
2781
1682
8504
7073
7308
7737
6553
9096
6992
7514
2576
9072
6366
2635
8039
7022
3699
7747
33
2320
8065
9446
4205
2254
6309
2441
3493
3796
1029
4924
6856
3809
6605
6942
882
5495
6261
9017
4591
4836
6531
8748
3908
2897
1384
3530
9919
5082
1277
1534
8983
9342
980
3189
1596
8870
5629
6670
2666
6657
1594
1104
2048
8198
9628
4512
5275
5889
3529
9865
2307
60
8614
7797
4539
9997
1327
6040
6661
4185
7573
7227
5109
136
416
8286
588
7626
4956
3254
5865
6549
4357
7912
6329
5567
2424
1604
3039
7534
3052
5345
7594
3248
3142
3715
4827
4468
1337
3070
236
492
297
5344
2209
712
3631
2797
9919
8586
6050
5784
5136
1989
3697
3047
9138
7702
4651
2177
5237
9284
7521
4413
2532
2246
9709
8940
8295
1046
2010
8530
1537
2307
3875
3746
4600
7505
8124
4520
6091
5756
304
2809
7744
5582
5856
6882
3285
2089
641
104
1373
8162
4516
5486
408
5807
4426
8702
6852
8017
8815
9970
324
2690
5298
6506
195
3422
1026
7867
9177
2911
677
8504
8493
8114
6968
3360
203
7609
5045
3157
7353
1143
8642
9342
6949
4650
8044
3801
2667
8441
5353
4573
1131
2234
2661
2907
5655
3686
775
6415
8178
3033
6501
8253
1147
3469
3195
2931
2660
8239
7669
13
9381
6311
9354
6330
2543
8981
1713
6791
7422
8648
2946
8553
882
5606
1460
8118
874
3816
4533
9052
6848
2616
7305
9576
6085
2083
4089
327
322
1758
340
9703
9650
1276
7615
3775
257
911
567
7679
9558
5094
7814
2022
701
856
140
1574
6254
6255
2208
3102
8870
1096
4261
4955
3178
8349
5282
5081
1690
7203
6366
1340
8478
3982
5115
318
6474
7263
7996
6032
2357
7392
9635
3057
9829
9774
6213
6083
6029
3
768
4900
1098
6610
1437
5857
4959
8300
939
6648
7085
7304
9570
5564
2868
4685
5881
9341
1948
5459
6955
4304
4433
6590
8943
5844
7947
6738
1928
3976
8322
4277
458
9420
887
3477
6859
7427
1777
9379
5658
8862
6684
5228
6008
1134
9912
3471
476
3442
8929
9012
9327
4944
7185
9852
788
5132
6590
4297
690
4913
8573
1148
5915
9459
6206
4356
6887
7982
3736
2545
8426
2002
9354
6016
3135
849
9486
5192
4290
9997
5787
5199
4941
2972
5052
7311
8103
3224
1608
375
9718
182
3104
7215
1223
9309
1572
9691
8874
6889
3818
7300
8890
3172
4899
3607
4020
4385
8799
9891
5965
6168
5091
2488
9139
1725
9798
8824
6530
1407
9198
6249
3170
2303
5046
4392
3194
8199
5666
2068
5088
9483
951
5560
4238
5849
9167
9839
234
9548
9731
7780
5716
6404
269
6437
9710
67
5261
6240
3055
6041
4071
6224
9925
9117
2199
3120
7316
7864
5187
3987
8929
6137
9546
3167
3568
296
4589
5384
1426
5902
3164
7141
3888
3432
5160
3598
3499
421
1420
8135
8044
7073
4360
7969
6190
8140
2671
5088
6004
7858
9074
6515
5577
204
9682
9145
499
5853
4529
1925
1755
7692
648
5642
2707
5808
822
7787
7810
2241
5922
5854
9313
1864
5406
7085
4
8076
3756
6007
5934
2830
2523
3094
4615
3787
3821
5114
1222
8349
8620
2976
7623
9267
8617
1912
6657
1021
9698
4468
3261
7203
1904
4157
9066
7309
2824
9070
5386
6579
6659
2902
992
764
7577
5606
6132
1398
2302
7353
1329
922
329
535
1772
528
2446
8428
1548
2145
4478
6391
9347
6382
2130
9995
5273
4953
9065
659
3115
5725
5143
4106
6488
2720
1294
4203
5700
3596
1556
7028
4517
3467
7562
6288
3994
1591
6299
7124
3735
777
5097
4664
7158
8808
4659
2432
5343
5307
4672
8457
2614
9814
4145
684
4117
5439
4886
9816
9034
6442
8426
5133
9908
7571
3004
5484
9161
9302
4190
4478
79
869
724
8819
9676
5382
1251
6602
2271
7504
5059
4884
8901
787
5568
4600
6225
454
5998
6841
8477
4424
3556
9967
1995
6559
7034
2738
7443
2806
7215
7522
5257
7938
6341
4933
4903
9173
3117
7173
8259
8176
3640
7160
8962
9207
1760
6769
1243
7757
5192
1303
3764
8747
2852
7340
6889
9885
79
4332
4274
7293
1854
9530
6814
9776
6045
1717
532
9162
472
374
8920
4111
7533
7882
4900
876
6233
7725
8632
1425
610
3978
1754
3461
1319
8642
4929
1397
2975
9202
272
6410
8732
7085
7769
4777
384
9882
3939
856
256
2859
6548
9371
2323
3031
247
138
756
461
1562
2947
4439
3316
6407
7339
3540
1336
8735
6514
2120
589
4507
852
9256
3858
7211
9639
3740
1150
2077
5578
5591
208
4949
9495
3238
5195
9633
5575
5655
2777
8521
1676
6092
6510
9014
1215
9428
9331
9310
1548
9920
3817
2400
759
9256
1193
398
2997
2342
4057
8574
9514
5846
3523
9010
9083
300
8643
6240
7536
1420
6343
9212
9094
2853
9808
1891
2281
9140
1201
3829
643
6600
7810
1401
5856
585
3380
435
4508
7436
9008
4023
3282
4113
4615
3947
5994
4840
187
3531
6259
6529
4325
6935
965
4133
408
3245
3273
1609
8655
5497
8208
8047
6897
5646
8631
278
6081
3140
9295
6671
8744
2578
2367
3359
8106
8360
8198
9875
1891
6039
7986
6215
4557
8950
1931
4964
3778
6785
8154
4015
2283
7944
3645
9179
3591
3858
1039
1254
8579
335
7924
7323
4494
1873
2264
2600
234
2044
4057
3706
8083
2044
1504
4222
2576
3434
768
6353
219
8922
1951
2501
6866
5595
3263
457
9452
4301
3292
9614
4635
1217
6937
711
3089
784
3311
4904
2827
8949
8610
2492
993
1696
6713
3569
5129
9063
1504
6929
7985
3454
1013
4851
631
4275
6890
1666
158
182
1280
6375
2980
9798
7085
7651
582
1978
2555
4991
928
2747
7482
3502
4442
5778
7070
1153
6423
157
9664
4408
3610
677
841
5823
6533
7730
7488
8272
9494
8767
4647
2474
148
3315
125
2312
5292
4262
7302
7801
8590
6366
1304
4615
3726
8373
7349
149
8529
7013
6138
3722
9271
6979
9544
7386
6291
8614
5659
5785
8963
1888
8259
9110
5202
9965
1422
2077
5809
306
9877
4400
8254
2763
597
3562
2719
7945
5293
2830
4959
1431
6551
4230
8409
7677
3199
4701
6291
8857
2068
5254
2327
1909
5947
7529
3457
8950
1188
9265
9256
2647
5247
9092
5410
5843
2654
8128
3789
9528
958
330
960
9091
4559
951
6768
7757
7233
4642
8196
9301
1478
524
1210
7424
9634
6248
7957
2404
5514
8795
5050
2343
7887
2042
8186
2123
170
3557
1652
2710
3886
2611
1801
8444
5143
151
7784
2377
4792
7562
3260
7852
9667
6051
6858
9301
2300
4815
3287
9395
3610
8337
1738
1497
1961
9923
5202
2131
3480
6853
4840
7365
1046
8222
7392
6188
8372
6758
147
4747
4320
3406
2599
3988
9457
9456
4871
3339
4272
9740
2734
7881
8077
4471
961
38
4395
6162
3750
9456
4597
172
8404
5642
8393
5796
1830
8348
2554
3559
3095
8455
6964
7275
4025
8003
6731
479
1342
2585
219
4075
2049
9877
8546
4591
1497
4523
753
5247
5561
5349
7000
3965
2573
6976
9760
5984
5324
3896
9542
1
3934
6507
7275
7958
6092
5588
19
7434
9755
237
3091
1804
114
3219
6394
3193
9323
8728
8439
4885
5659
7021
8849
8231
5579
193
5797
903
5670
5340
2485
9603
3429
1342
9144
9520
8512
9162
8536
8267
982
1628
1653
1095
6428
9628
4287
5752
9938
4308
637
5597
2912
9485
5410
8490
1260
1207
976
6930
8128
3460
6533
1557
6384
7259
2660
4896
6422
2778
4745
7403
4405
6397
80
2416
7607
5949
8167
7545
1839
8803
4724
4750
9870
134
4823
2713
2922
5798
9642
2633
840
7757
5771
7223
5017
8430
3701
1439
1209
8445
424
7195
6424
503
9610
4031
8033
9359
1576
9872
9744
6299
4622
9615
8014
1027
3910
2519
6824
3552
5151
9246
1309
922
6469
6325
935
1753
9345
3725
198
9768
920
6622
1854
2113
2235
9886
3054
3811
9758
2799
110
5963
3996
9706
6989
7905
2225
5396
1457
8957
4642
4347
1461
2693
673
2395
4445
18
6119
6225
1369
8621
4429
3222
2316
6663
3108
5369
2056
4449
9749
3748
412
3745
3454
8982
1650
7260
4378
4688
6217
602
9035
7677
3295
1290
1655
9321
2889
7773
7128
4257
7976
1557
9060
1874
9802
2169
8825
1858
8199
8574
5605
8610
3902
641
7592
5551
7900
3553
240
4117
4154
857
1795
9030
2146
3449
8352
5034
2804
7062
9291
2363
8619
8351
5818
4
2102
6225
3443
301
6382
631
493
284
1271
9667
5834
9171
3220
7655
4870
8955
8511
6664
9568
657
1695
9502
5691
6081
6564
6564
26
6765
6497
7425
6768
8599
3651
212
482
33
842
975
316
3694
2224
7731
2865
7025
5387
9317
5980
5480
7563
5548
6137
9258
5050
3410
6921
3197
9973
6946
9961
8052
4371
6730
6651
9603
8523
8715
9635
947
9689
1533
6222
3495
9264
670
520
4651
9986
8081
131
7549
3630
7849
8389
262
2841
5310
5040
4396
3838
5002
2449
9791
3314
682
9394
1837
9396
613
4365
668
2145
587
4162
1409
1256
4681
7641
1242
2763
9354
374
7974
8785
8762
9817
1627
5655
4858
6022
9492
1442
53
866
4755
735
1843
8173
131
2455
2538
799
6181
4706
6542
7590
5962
2806
6813
8785
5568
7749
741
5124
6535
9503
6523
9743
5158
1381
5765
6232
2822
5818
7098
9158
8134
8940
7331
8264
1395
9868
645
9157
6157
8769
8329
3701
1575
5143
4068
7142
2892
4809
3848
1009
4312
371
752
1052
3334
8099
7283
7737
5499
4381
6896
3633
3321
4227
1897
6297
5678
4124
5455
1835
2893
5366
7117
4467
509
1185
3191
4983
5993
8620
7573
305
8990
8325
1356
3906
8006
8639
1644
3505
4602
122
7137
9505
5930
616
5802
3190
6321
2839
6606
9213
8205
3723
5262
296
4908
35
6860
901
8654
4434
2788
9227
2759
5725
3133
765
4364
6358
5851
549
8061
2988
54
3992
5185
7437
7181
1507
277
3788
2302
64
7510
7564
359
2418
9180
8801
4901
7835
3235
7688
8644
7575
3413
1777
8339
9359
9717
5772
9907
7778
8759
9960
3352
3944
8979
534
7032
9255
5903
9334
901
3413
6898
2842
7413
6078
1643
3896
5495
4877
1584
4139
2452
6578
7498
2373
5937
8797
8144
7426
6575
8485
8968
9927
2429
7948
2043
1044
8785
7945
378
9686
2940
7275
2528
1935
4935
5752
5830
2013
629
8995
6151
4662
5574
3649
7034
3093
2446
6760
520
604
5245
1070
2113
9255
9017
5737
299
7803
5264
676
9071
8203
9532
3181
1721
6050
8932
9132
8062
1143
8128
4213
5804
3702
9444
4420
6794
3472
2762
8895
5657
9588
9965
9351
8843
565
5088
725
8367
352
2982
9020
138
4097
2201
1858
147
2715
990
8208
5439
700
4003
2825
5983
5029
8826
4360
84
1588
3255
7322
1176
4802
6674
1602
5367
1762
2326
5316
3696
6889
4337
3833
986
8119
7272
1132
2417
9843
922
7855
2126
6507
681
8108
3118
9506
2468
4783
2677
5723
2106
3852
2107
362
7035
7473
3705
9360
4372
7400
6250
8708
2815
7235
8409
1669
9949
826
3095
2453
264
5220
8959
944
3328
3660
2032
5796
8442
4708
3101
548
143
5207
2491
7177
4263
6196
8120
8634
3596
4370
8924
7993
3187
7333
9661
4718
9741
2756
7171
5
7975
7712
2530
2886
1372
4561
8681
9814
852
1782
1944
994
8570
4435
9752
2833
631
7872
3049
5808
3824
1973
3801
8593
889
5045
3311
2212
9382
2064
2216
8940
9776
6327
1826
1148
2470
507
962
3321
3870
4488
5896
4022
8922
5649
8437
9552
3521
1486
6942
7345
5041
2326
5938
7511
7370
831
9722
8334
2895
3520
7274
2671
9846
9099
5400
2316
1188
6362
7219
5057
850
3115
662
1354
346
9098
2488
3867
584
9429
2794
7206
1755
314
4717
707
1144
4439
9041
5620
7958
6315
9872
9386
6997
5273
1703
8184
3217
8921
4824
4066
3618
5485
7001
3964
4583
9488
9412
6748
8917
2206
3955
673
4101
254
1379
6826
6275
2002
2447
4233
8317
3901
3620
5314
9173
6904
3498
2390
7407
9903
8037
2607
5388
5038
6570
9970
4526
7564
8301
5026
9769
3838
5698
5452
4091
8658
2279
366
661
6307
6181
560
208
1383
7455
9381
9868
2535
3353
8857
2439
1391
1464
7826
8010
9616
9379
2537
7180
7680
7562
8532
1518
4842
3984
7190
5082
7844
9138
7324
4151
6901
7883
4359
8283
6920
5322
9733
9455
8674
8590
1894
1647
54
9719
9657
1252
681
3776
8432
8360
2920
8546
1460
9343
4112
233
4425
1957
9370
1750
6107
7853
1215
2048
7718
8135
8951
7451
9172
7626
6041
1066
855
7676
2367
512
8928
3048
5869
8942
2990
8788
7488
4450
8131
3182
6264
4139
5138
7216
7470
2828
5069
267
4875
2787
9983
3827
238
9155
3035
7860
221
3889
7118
4170
5983
7628
7217
3434
6570
207
2223
5640
6238
1936
8822
2502
7656
5542
9717
5126
8369
